0
011001100
1
110001100
2
100001100
3
011001100
4
100001100
5
010101000
6
110001100
7
100001100
8
010100000
9
010101000
10
010101000
11
100001100
12
011101100
13
100001101
14
100001100
15
100001110
16
100001100
17
011001100
18
000001100
19
011001100
20
011001100
21
100000100
22
010101010
23
011001000
24
100001100
25
010101000
26
100001100
27
010111000
28
011001100
29
011001100
30
010101000
31
100001101
32
011001100
33
011001100
34
011001100
35
100001100
36
010101000
37
001001100
38
011001000
39
100001100
40
010101010
41
100001101
42
010101000
43
001001100
44
011001100
45
010101000
46
011101000
47
010111000
48
100001101
49
010101000
50
010100000
51
101001100
52
111001100
53
010101000
54
011011100
55
010101000
56
110101000
57
100001101
58
100001100
59
010001100
60
100001100
61
011001100
62
111001100
63
100000100
64
110001100
65
100011100
66
010101100
67
100001100
68
011001000
69
100001000
70
011001110
71
010101000
72
000001100
73
100001100
74
011001000
75
100001100
76
100001100
77
000101000
78
010101001
79
010001000
80
100001100
81
011001100
82
011001100
83
010101000
84
010100000
85
001001100
86
011000100
87
100001100
88
100001100
89
001001100
90
110101000
91
010101000
92
010001100
93
010101000
94
011000100
95
000101000
96
011001100
97
011101100
98
110001100
99
011101100
100
011001100
101
010001000
102
100001100
103
100001000
104
011011100
105
100101100
106
100001110
107
011001110
108
110001100
109
111001100
110
100001100
111
011001100
112
001001100
113
100001100
114
010101100
115
100001100
116
010111000
117
011001100
118
000001100
119
100001101
120
100001100
121
100001100
122
011001100
123
011001100
124
100001100
125
000001100
126
010001000
127
011001000
128
100000100
129
100001110
130
000001100
131
010101000
132
101001100
133
010101000
134
100001100
135
100001100
136
110001100
137
011001000
138
010111000
139
010101000
140
010101000
141
011001100
142
010101001
143
000101000
144
110001100
145
010100000
146
011001110
147
010101000
148
100001101
149
010100000
150
100001100
151
100011100
152
101001100
153
010111000
154
011001100
155
100001100
156
010101000
157
011001100
158
100001000
159
010101000
160
011001100
161
011001100
162
100011100
163
100101100
164
010101100
165
011011100
166
100001100
167
100001100
168
011001100
169
011011100
170
100000100
171
011000100
172
100011100
173
100001100
174
100001100
175
011001100
176
010101000
177
100001100
178
100001100
179
010101000
180
010101010
181
011001100
182
100001100
183
100001110
184
010101010
185
111001100
186
011001110
187
011101000
188
101001100
189
011001100
190
100001101
191
011001110
192
010001000
193
010101100
194
100001100
195
111001100
196
011001100
197
100001100
198
100011100
199
010001000
200
100001100
201
110001100
202
011001101
203
011001110
204
001001100
205
001001100
206
100001100
207
100011100
208
010101000
209
011000100
210
011101000
211
100001100
212
011001100
213
011101000
214
011001100
215
100001100
216
100001100
217
111001100
218
100001100
219
100001100
220
011001100
221
011000100
222
100001000
223
100001100
224
010111000
225
011001100
226
010100000
227
010001000
228
010001100
229
011001100
230
001001100
231
010101001
232
100001101
233
100001100
234
101001100
235
100001100
236
011001101
237
100001100
238
100101100
239
010101000
240
100001000
241
011101000
242
100001100
243
100001100
244
100001100
245
010101000
246
001001100
247
110001100
248
011001100
249
100001000
250
010101000
251
010101000
252
100001000
253
100001101
254
100001100
255
100001100
256
011001100
257
011001100
258
100001100
259
011000100
260
011011100
261
100001100
262
010001000
263
010101000
264
011001100
265
011001100
266
011001100
267
010101000
268
011001100
269
111001100
270
010101001
271
010101001
272
010101001
273
011001101
274
011001100
275
011011100
276
010101000
277
010101000
278
100001100
279
011001100
280
011001100
281
011001100
282
010101000
283
000001100
284
100001100
285
010101000
286
010101000
287
100001100
288
000101000
289
001001100
290
100011100
291
010101000
292
010100000
293
010001000
294
000001100
295
100000100
296
010101001
297
100001100
298
001001100
299
100001100
300
100001100
301
110101000
302
100001000
303
000101000
304
001001100
305
000001100
306
100001100
307
100001100
308
011001100
309
011001100
310
010001000
311
011001100
312
000101000
313
101001100
314
100001100
315
100000100
316
010101000
317
011001100
318
010111000
319
010100000
320
100001100
321
010101000
322
010001100
323
011000100
324
100001000
325
100001110
326
100001100
327
100001100
328
010101000
329
010101000
330
011001101
331
100001000
332
010001000
333
010101000
334
100001110
335
010101000
336
110001100
337
011101100
338
011001100
339
010101000
340
010101000
341
011001100
342
011101000
343
011101100
344
000001100
345
011001100
346
100001100
347
010101010
348
100001100
349
011001100
350
000101000
351
100001100
352
011101000
353
100001100
354
010111000
355
100001100
356
100001000
357
100001110
358
010101000
359
010101000
360
011001100
361
010101000
362
100001110
363
011101100
364
011101000
365
010101100
366
011001100
367
010101100
368
010001000
369
010101000
370
011001110
371
010101010
372
011001110
373
000001100
374
011011100
375
011001100
376
011001101
377
100001100
378
100001100
379
100001100
380
100001100
381
100001100
382
100000100
383
011001100
384
010101010
385
100001100
386
100001100
387
011001000
388
100000100
389
011001100
390
011001100
391
010101000
392
010101100
393
100011100
394
010001100
395
010100000
396
011000100
397
010101000
398
010101000
399
100001100
400
010101100
401
100001100
402
010101000
403
011001100
404
011001100
405
011001100
406
000101000
407
100101100
408
011001000
409
010101000
410
010101000
411
010111000
412
011001100
413
010101000
414
010101001
415
100001000
416
010101000
417
011001100
418
001001100
419
100001100
420
100001110
421
101001100
422
110001100
423
011001100
424
011001101
425
010101010
426
011001100
427
011001110
428
001001100
429
000001100
430
011101100
431
010111000
432
100001100
433
011001100
434
100001100
435
011001110
436
011001100
437
100001100
438
100001100
439
011001100
440
100001100
441
101001100
442
010101000
443
100001100
444
100001100
445
011001100
446
011101100
447
011001100
448
011001100
449
100001100
450
010101100
451
100001100
452
010101000
453
011001100
454
010100000
455
011001101
456
111001100
457
011001100
458
100001101
459
100000100
460
011101000
461
010101000
462
010001100
463
100101100
464
100001100
465
010100000
466
100001100
467
010001000
468
010101000
469
011101100
470
100001110
471
001001100
472
011001100
473
010101001
474
100001100
475
010101000
476
011001100
477
010101000
478
011001100
479
100001000
480
101001100
481
001001100
482
010101010
483
010101000
484
011001000
485
011101100
486
011101100
487
110001100
488
001001100
489
011001110
490
001001100
491
100000100
492
010101010
493
100001101
494
010101000
495
000001100
496
011001100
497
010101000
498
011001110
499
100001000
