100
0
101000011111010
100100111110101
001111101011000
101100100100000
100011001101100
101000001001101
010101110001101
110111110000000
010000000111001
111110001101010
111010111110101
010111101011111
100101110001000
111010011111111
010111010000100
101110001101100
1
010011100001111
010100010110001
110000010101100
000110111000110
001111010000010
110110010010110
101100010001101
011100000101110
110010101110010
111111111000011
110011110001110
101101110000001
110011111101101
000100011111110
011001010110100
001011010010110
2
111000010001011
010010001110001
000111101011010
111010010111000
110000011011111
000000100011100
000011010010010
110101111110011
001010011101011
001010100000011
100101000000010
101010110110000
000000110101010
001010100111011
001100101011111
110011000000010
3
100001011110110
111100011101111
100111000101000
001100101100110
101001011100001
111110100100111
001101111010111
110010011101011
110101111011000
101111110010011
101010000000111
000111011010100
010001100000110
111001000111101
000011000001001
000011001010101
4
101000011101010
000011010011111
100100101010000
100101001011100
000001001110010
010001001110111
000000101000010
100111011100100
100110010001011
110010011000101
011101110011011
000110101011000
001010011101011
000000111111111
001011000111100
100110100100110
5
001101101001110
001011010010000
110101000110000
100010111010000
100001111011011
100110100000100
010101000111100
001110010110101
111010010000100
011010100001111
011010100101000
010110010011101
010101111010111
000110101010010
010010101101001
001000101010111
6
001100101010010
011010111011011
101100110110100
110101011001001
001000101010010
001001000100100
111011011101011
001100010011011
100010001001011
101111100011000
011001101101001
101011000110000
010010000011000
110001100000101
101110111101110
110101111101011
7
010101111011011
000010010001110
001111101011100
110111100110101
110101000010010
111100010111011
100001111000011
000000101111110
011101111111001
111110111100100
101100010000011
100110010010110
111001011100100
110001001000111
101101000000011
010011111001000
8
111100110101000
000011101000100
100000011000010
101100100101101
100000000001110
001100010010001
001100010000001
111000110000001
000011111001110
011000111010111
001100100110111
001110110000100
010110110000111
000001101011001
111001000001100
011001100001100
9
100100110101111
110111100000110
100111000010100
011100100001010
010011001010010
110100011101000
100010110100000
100111010001000
100010100000110
001000011110110
010100101101100
100101000000110
000000100110011
110011110001110
001111000100010
010110110001000
10
000000101110001
101010110010110
100111101100101
111111001111110
101110010001110
101010010000110
100101101001011
110000110101100
100010011010001
010011110001101
001010001000001
011110000101011
101000001101110
111000010101100
010101010011101
111100100000011
11
101111001101110
110000110011011
100111001110010
010100100111111
100011110111000
011101000110101
011010111111001
000100101011100
000010010101000
000001110100110
111111100101010
000111010110010
101000111010001
111010010110010
011111001110010
011011100010010
12
110110100010010
111101010010011
111011100111110
100111001000110
110100001110101
101011111011000
111110001100101
011110000110011
011000000110000
100110001011010
111010011011110
011100011111111
011000101001010
000000101000010
010111000110001
001100111001100
13
011010110111101
010011111111011
001000101001011
100111110110111
101011011111100
000111100110011
011110100000000
011101100101101
101000111011110
010011111101011
010111000100110
011100101110001
011001100110100
111010111110100
100011001111001
111010000001000
14
000101010011100
111001110010101
001111110111000
000110111111011
010001001001011
011111001001110
011000000011011
010110110010001
100000100010100
111101001101100
010111001110011
000100110011111
100111110101010
001111011011011
001001101110001
100001001010010
15
110111111111000
110011011101101
100000010100011
011011010001101
001000111110100
000111011111100
010000000010111
110010011011000
111110100001100
000001111000000
110101100111101
101011101110010
001111011000000
001100111111111
100100011001101
111100101010011
16
110001100111111
011101001111010
111110101111101
010110001100000
000000100111011
010101000111011
111101111011110
011001001100001
110110110011000
001001110100110
000110000100110
101110110001100
101000010100000
010110011101101
110001001110100
100100100010000
17
111010001010110
001010101011001
101110101110001
101000111010001
111101101001000
001100110111010
111011001100000
100011100010010
011110000010100
000110101001111
101110100101001
000101110000100
100001001001101
011111011010111
101110111100101
000110010000100
18
100000111011000
101100101011001
011100000100001
011110001101001
000111011011011
101101000011001
111110011011100
001110100100001
011101001110101
000011101111000
111010000011111
100000011010011
111111101011010
010011100010100
100100000101110
100011001101100
19
011110101000010
000111101011010
011001101100110
000100111011011
100110010011001
000111000101011
111001000011011
100000100010100
011011110000100
111111111110000
110001001001000
010000001010000
000101110001011
110101001011001
100010001101001
010101100010111
20
001110101111011
100111111110011
001010001111101
100111111111100
111110000000011
100010100001001
001011011111111
100000011000000
110001001011000
100101100101101
101111010111001
100100001001011
100001011101000
100100111001001
101001011100001
110010111111011
21
110001110011100
000110001100101
010101111010100
100101010011111
111110010010101
001001010011100
111001110011110
000010000101010
011001100000000
001010110100110
101001011010010
000011101110111
010100100111000
100000010100110
111100011100001
000101011001001
22
001000011111001
000010100110110
100111011011000
011100101011111
010111011101101
101011011010011
011111011100000
100110101111110
011011011111001
101100111000000
101001101101111
010111101101011
010100100110111
010001000100010
001111011100001
111010010001111
23
010011011110011
010101100011000
100010110101100
110010010110001
010100100110000
111111000010111
100101111011101
010011100110011
011111111000000
111110111101011
111011010101100
000111010000001
110001001000111
010100010111010
111100100111100
001011001011010
24
001111110001100
101111110100000
010101010011001
010111101010000
101000111101010
010100100001100
111010110011100
000111101001000
110111101101111
100100001000111
100100000101110
111110011111100
101101010100101
011000100100111
011000000000011
110110111101101
25
000111011111111
111001101001010
110101101110001
110001110101100
001101110000110
110100010110010
100101100000100
000000111011011
001000101000011
110101001100101
101110110111011
111011110000111
100001111000011
111011000101111
001101010101110
011001101011110
26
011010010110100
111010100001010
111010110101001
001001111010000
001010110010101
110011011000111
110101010111110
011010101101100
000111110011101
000000110000001
000100010010010
111000101100110
101100101010101
000110101000001
010100001111101
100100001000111
27
010011110001101
101000110111000
111111011011011
001000010010000
000100010001000
010110100111111
010100110100110
110111011110000
011111010101100
101111000101110
101101011001100
101001010000111
111101011011100
110111110001010
010010101111100
101000111010001
28
100010011100001
101111010000100
110101110111110
101010100001011
011110111011010
110011000000011
110110001101100
100001100100011
000100001111000
100101110000110
100101100011110
000111111001100
100000010100110
011001000101011
111000011010001
011000011001010
29
100110110111101
111111111111111
100010111110000
010000111010001
110111011001010
011110010101010
001100110010110
101100011011000
101011001101011
101100001001011
100100101011111
101101001101001
100110110000000
100100010000100
011100000001110
010111110100000
30
000111000010101
111100000110011
110101010110111
100100110001001
000111000001111
001000001011000
110010101101010
100000100000110
100000001010011
101001000011110
111101101001000
001110101111101
000001010100010
011111111000011
100001111000110
110111010011110
31
110011110100101
000100110001010
101110111100001
100010101100000
010010100001111
100000101101000
101111011111000
010101001011010
110111100001001
110100101001000
100100001100010
110000000101010
100010100110111
110010000010111
110111000101101
111110100101000
32
110001101101100
100010101111011
110101111101111
110011001110110
000100100000001
110010101101000
001100110010110
010000101110010
011001001100001
101101100010111
110010000100111
000110011111100
010110011000101
000010111011011
111101011111010
011010001010110
33
110011100010111
101111011001010
110101010101101
010110111101110
100001111001010
110001000100001
000010100110011
110100001001101
011101101110101
111001001111111
100110111010111
000010000010010
010000010101100
000010011001100
001101101111101
101100011100100
34
101011010101001
010110100010010
101000010110100
111011100000101
100000110001101
001010010111110
011001111001001
110111010100110
101101000111100
111000101001100
111111111111111
010000011000110
010011100000001
001110001100011
010000110100000
010000100000001
35
001110111010010
111011100100111
001011100011001
010100101000100
011100100011001
000100111001010
000011111111111
011011111111111
011010101000111
110101101111101
110111010111101
110111000010001
011000101110010
101101010101010
000101011001100
111111111000000
36
010101010001100
011000101100111
011101110000111
001001111101101
101101000001100
000110010100110
111000101000010
111110001010110
101111001011000
000101011100101
011011001101100
101100101101100
110000001010011
101000000001010
101101000101110
110000100101101
37
000010111011111
100011000001010
111011011101111
010001001111000
000000100011010
001000101110111
111110001010110
001000011110010
110110110000001
110010010111110
101000111010001
110110000100101
111000001010001
110001000101110
101011011011011
111000010101011
38
011011011000110
100110100100111
100101100100111
000100010100000
011000110001101
111010000010010
000010000001010
001101010101001
001010011010111
100011101101001
101000101100100
010100000010100
100010101101001
100111100001100
100101101010110
100101110000111
39
011110011111111
111111101110000
101010101011010
001000111101011
101010011010101
010111001101110
111010011111010
111111001111110
101011010110110
100101110110100
000101100110111
110111110111110
100011111011110
110001001110100
000110001010110
100110101110001
40
110000111100111
001011100011101
110010100000011
011100010010100
100001011100111
000011100001101
110100001110001
000111101101100
110010000100111
111111010101100
111001000101000
110011110101000
100100010110111
101111010101001
100111101001010
110000001011010
41
110111110100011
111111000110000
010111101101011
000101000111001
000010001110100
010001011010011
010101101000000
101010000011000
001011000011001
011001010111010
001101000110000
100001100110011
010001111001100
010010011011011
110101001101010
010100111110011
42
001101111100110
000001000100111
100001100111100
000010000100001
011000111101011
001111010011010
000101010100111
100111100000011
101110101001000
000010101011000
001000101001011
010010100000100
001011010100100
011100100111001
111110101000001
110110101100000
43
000000111010101
000001101010011
100001110011001
011110100001001
111000001010111
111100100001110
100111011001101
011000100100101
111100110000011
010010000010111
010000001010001
101011101111101
011110011000011
111000101001101
010101100100100
011001100010101
44
001011011011010
010101101000001
111011010101100
100000010000111
000010000110001
100111101110101
100000111000000
100000011110000
100111000101000
010111111000110
100110010111100
001000110111111
011000001010110
101000010011100
110011100010111
001001001110010
45
001000100011110
100011000011011
001010011101011
001111111111001
000100001010100
011100000100001
100100010110111
010011100010100
110110000000101
111100011111110
111011101110111
101000001110000
110010011010111
101010000100000
011110011000110
100100110010011
46
010000101000110
010100110101001
101011011111100
011000111101011
110100101101001
000101111010110
010010110011001
010110000110010
010010111001100
101101001101111
010001010000101
000000111001000
111110100000000
101010100000101
111010011110010
110001011010001
47
010001011011101
110010110011011
010011111001100
010001110101001
100011100100111
011010100011111
010000101000111
100010111000101
011001001110001
001110110110101
110110011111010
000011000111001
011101101000011
100101001110110
001110110110111
000111101100000
48
111000101001101
101011011000000
000110000001000
000100011010010
000110011111100
001011011001011
111101010101001
111101001010001
011101011011101
101101011011110
101100110010101
100110000100011
110111000111110
010111010110111
010101111001000
110001110111001
49
000010000100001
010000100110110
100010111001101
111110001100101
001010110010011
110100110110100
001011001011010
111100100111010
000010111001001
100100100001101
001110011000110
010001110110000
000010101101011
011110011100101
111100110000011
000001000011011
50
110001011101101
011001011101000
100011111101101
111010011101101
001100111011001
101010010110010
101000100101101
101010111110001
110000101011100
011111001010000
110101000111111
010011100101000
101010101011010
111111001111110
110110101111011
010101110000001
51
100000000011111
010111000101100
010001000110111
110101100100100
001000011010110
111100010001001
001011000111100
110101000111100
000110110011001
001100100001111
100111000010100
110010000001101
100101011110100
010100010111110
010000101011011
100010110001000
52
000110001101010
011110010010110
110111100101111
100010011010010
011000001101010
101000000001010
110100010100010
010111010000100
100111110100110
100011010011100
100100010101111
000100000001001
100000000100000
110001000110101
001100001011110
111011001100000
53
111001000011011
010010010011010
001000100100010
111001010000110
011110111110111
110111111111001
011110010100010
011110011111111
011011100100001
000111000111100
110100100101011
110101101001110
000110001100101
010010001000000
111001111110011
100100000100011
54
010000011111010
101101010010011
011010011101110
010100110101100
000100101010011
110110000001010
111000000100101
001111101100000
101010001111111
001001001110100
100110110001110
101011111000110
111100111001010
011010100101010
000111100111100
110100101100001
55
001001110011000
110001111000110
010001110011100
110001001100100
100010001101010
011110010111100
010000000110110
000101011111100
010001111110001
011111101010110
110011101111110
001001100110110
001010111111100
001100011100111
000110011100001
100000100101000
56
011100001001000
010111100010010
100011011111010
010101000110101
100011111000011
011111100000011
001110111000010
101100001001110
100010011101100
111101101000111
000011111101110
111011000110101
001010001000001
111111010001110
110101000110001
110100000110001
57
100101111011101
101101011111010
110000011110101
110111001101100
000000010100101
100111110001011
010110010100011
000100000010010
011100110010011
011000010110011
000011111010010
110101101110100
100011010101111
001001000110111
011000011001111
000101100010100
58
100100100110001
110001100001010
000111010110010
111111001100010
110000010011111
000101101011010
000100010110100
110111000100010
101101011000111
010000101100010
101000010110011
101100111110011
110111101011100
010011111101011
011111110000000
111101101010100
59
101101100000101
001101011111100
011101100011010
100001100000000
001110000111001
111110100101000
101001000010001
001110110000100
001111111110110
010101101001000
111000110110010
100010010111011
001000111011010
101110110110100
111011111001011
001111100010110
60
111011111010010
111100000011110
000010010000001
010111000110100
000000011111000
111101111110010
011010000010001
101010010000001
100001010010100
110010001110010
000110110110001
101000111101101
011100000100100
111000111100111
100011100010010
111110100010001
61
110000001100110
110100010111101
101001111111001
100011011111110
010100011011000
001011100010111
010001100111010
001000111011111
001111101011100
001101000001101
001010010100110
101001101000100
111101111101101
000010110111111
110101000100011
000011101001101
62
011111000000111
111000111101000
010111110010011
111010000100001
101110110010010
010110101110111
111011011001010
011111101011010
111100001011010
110000011000101
101010011100111
110000000001011
001001011010000
111110111010110
010100110101001
001100001000010
63
001100101001100
001111000101010
100110111100111
110000101001011
110110110110101
000011010101100
001100110101010
011000000110000
001100011101010
100111100001100
011011011001001
010010110111110
010000000110011
100110000011100
010010011001100
100000100010111
64
000110111010100
010100100110000
110000010011111
001010101100101
001101010100110
001010111001111
000011011101001
101001010101010
011101111100001
111010101100011
011011000001000
101011100100111
101111011101100
000100101011100
001110011001001
101111010100000
65
111011001100000
001011101011100
101001111000101
100000011011110
001101001010110
010000010100000
001001010011101
001011010010110
011010110010110
010100011101001
100011100000011
111001001001010
000011001100000
110000000000111
100100100111001
101100011100010
66
011111000110110
010001110000101
111010011000011
110001111101011
110011101001101
101001111111001
111100010001000
101000010010011
011001100101000
000001110101001
101001000100011
111010000010010
001010101101010
110011101000010
101010101011010
001000101111000
67
000110110001101
101111000011111
110110101110110
001110000001010
101111110101111
010101111101010
110100101111000
000000001011111
110011001101001
101110101110111
000000100000111
110011000111100
101110100101110
010110111110000
101001000101101
011101111100001
68
101000110100100
100001100110011
010101101000010
110110011001001
010101000011101
111011011110110
101000010010011
011001110000101
000110000000010
100001101011010
011010110011111
101110111101110
000000000100110
000011001101111
100101001011010
110001111001001
69
000100101101111
101100010010010
101110010100011
100011011111010
101110001010011
011110111101000
111110110110110
101010001001000
100101001011100
010110110100110
001111101100000
010101001101001
011110110111101
011001001111110
011111011011000
101111110100000
70
100001110010110
001100110010110
110010100111011
101001111101001
011110011010001
001101101001000
010111011111011
000101010011101
001111011011101
000001101101010
101101001101001
011000011110011
100011110001011
110111001001011
110001010111000
011100111010111
71
100111111000000
110111110100011
100000010010101
111110101111011
010011101111101
000000011000011
010100010111001
111111111011110
101010001110001
010000001110010
010111010110110
110001011110000
011001010000001
100000111010111
101000011000110
100101100001111
72
001000011000101
001010001011111
100010011100001
011011111100010
101000001010110
010100000011011
011001111000011
011111101011010
101100111101110
000001110010001
000111000101011
110101010000110
100001101010111
001111000011110
010110101111000
110101111111001
73
000000011000011
111110110000001
110101011011000
100101000000110
101000001010000
000000110001110
100001011101000
100100011111110
000011100100010
000100110100011
110000010010000
100101010001001
011110010010110
010000101001000
011111000100111
100110011001100
74
000000010011110
101000111011110
000000110111101
100001100001111
010011011010110
001010101011001
111010101110101
011011110000110
101011111010111
110000010011101
100010010000111
000111010011011
000001011101011
011101011000101
010100011101000
001010000010010
75
111111110100101
101011001100100
000111001110001
001000100101101
011010000110100
111101010010011
100111100111111
100001010011001
110111011011101
010101110110010
001101101110010
011001000011000
111111101010101
011111000011011
000100010111011
101000011010001
76
110111111000101
001111110011111
101011110111110
001110101110100
111100000011101
011011100110101
111101111101000
100001101010101
101101111010100
101011100101100
111010010001011
010110010011111
110000100001100
110100011011011
011010110100011
101111010100111
77
101100000100111
111001111001000
100111110011010
110100000011000
011010010100101
111001000011011
110100001001101
000101111101101
010100000010111
000011000000110
001001000101110
110100000000010
001011000011010
010111010110111
010100110111000
000011011100100
78
101110110001000
011100001010000
000110010001110
001101001101101
101100100111100
001010000100111
110100111111111
110001001110100
101001000010001
111010001101101
100110111101000
011110100000100
101010010011011
001111000110101
011000100011011
010100110111100
79
001010111000000
011110011010111
101011000101100
011000000000011
000100100001011
111111110100101
000011001010011
010010100011100
101100111111100
000110100010100
000000111010100
011001100100100
010111100100010
011011110111000
010111001001010
100100001111011
80
100011000101011
001001010110101
110101111000101
101110010110000
000011001001010
111011110001000
011000110111110
100001011010100
111010110011100
101101101111110
011110000011010
000011101101010
000100100110000
100111111100100
001001011100010
000000111101000
81
111010011000011
100000001011000
110010011101111
000001100110000
101000011110000
001110010100101
100010101101011
101101101000011
011101100011000
000111000010111
110101011001111
011010110011111
101101101000111
010101101111110
110101010110001
111101100011100
82
110000001101010
110110111000100
001110110111000
010011010111100
001101110001101
010001100000001
110011110000000
101111011000011
111111001011110
011010010001000
110111000110000
011001110010110
010000100110111
110010010111110
010101010100100
001001100100011
83
001101100011011
101111010100011
001000001100000
101011101111101
000101000110000
000110110110001
011000100011001
000110010100110
101101011001100
110111110011010
111011011001010
011100001010100
111100101111001
111101000001010
001010111100011
100101101010001
84
011110000100100
001110101000001
111011010110100
100101111010001
001100010111101
100101011001010
100011110101010
001101110000111
111010001001000
111100001011011
011010111111110
110110110001011
110101111010011
111110010100110
000010001000111
100000111011000
85
011110100100111
010010111111110
110110110111000
001101000011110
101110001101111
101010111101100
100101100101101
000100001010011
001000111101110
011010001000100
010000100011101
110111000101100
001010111000000
101010110000011
100100110010011
110111111001010
86
101111100100100
010010100101101
011111100100011
100001100110111
001101111100111
010100111001111
100100001000111
110001011101101
100000101110001
001111111111001
000100101010010
000101110000100
000001000100100
100100101000000
111010101011111
100010101010011
87
000101100011111
010101010100101
010001101011100
011101100101101
000000110000001
001000011100010
000100100010110
011011100100001
110001001000111
100010011100001
101111110101111
001110001101100
110101110000000
010110000111010
100110111101000
010100110010100
88
011111000100111
000100000011110
100001110101010
001100100000001
011000110000010
100001101101001
101001000000101
100000101110000
111000110000010
011000111000010
001011110001110
011010010010011
110010001011110
101011101111101
001000111100001
111001100001110
89
110011001011010
011101010011111
101101100011000
110101010001100
010110100010001
110111011011101
101110101000110
100010001000111
011101101000100
110011011111001
011001111111111
001100010000001
110001111111010
100011011101011
101001100110001
011011010101001
90
111010111000110
101100001000001
101000101001000
000011100100110
110101001011001
101001110001111
010100001110010
000110001010110
001101000000011
100111010011111
110111001000100
100000001001110
001100000100100
010110010100011
111100100000110
101111101010000
91
111000011111111
110100110010110
111011011111001
001101011111000
111011010010111
000011011001010
001000001110010
111100001100110
110100011100111
111100011011000
100100010100100
000000101111110
001001110011100
110100000101101
000101111101101
010001001000100
92
010001001110010
100110110001110
101110111001111
111111011010100
010011010101101
011101001110110
000000101000111
111100100111100
001110010111110
110011110000001
101101101110001
101111010000111
001011110100101
110100011101000
001110110000001
101011000111101
93
001011101001101
100010000001100
011001000011000
000001100101010
110001100000101
010101000001111
101100110011010
111101101000111
001011011110000
010110111100000
111110010010101
001001110001101
110011001111101
111110001110100
001111101101111
101111111000110
94
100100100011111
100100100000101
010111001110100
001010011011100
000000111101000
000100001110011
100100111001001
000001001110010
101001010011011
010010010111101
110100000010111
001101010101001
111011011110110
010111011100010
110100000011111
011000010001001
95
111001111001111
101111111111000
001110001101000
001100001101011
100001101011010
100100001000111
111110011011100
011010101011011
110110010000110
011100100110001
100000010010101
010001001110010
010001000010101
000101000000000
101111001010110
010110111100001
96
011100011010001
010000011000110
111100000110100
010111001000111
100110100101011
100101110001011
101001110010110
010101101111110
011111001011010
111000110111101
100100111010111
101011100101000
100000011110011
110110010101111
000101110101111
010011111110111
97
010101100100100
100001110011001
110110011001001
100100110110101
100000010001110
011011000111000
010101001011010
111010000011101
001001110010011
111010000101110
110100000010111
011111011011010
110101111010111
001111101010111
101000101001000
010101110101010
98
111001011101000
110101110110001
010010000011111
101110101010010
101001000001010
101001111000011
011100111110001
001101001100101
110111011100001
010010111011010
001011110010101
011101000110001
010100001100111
000110100111101
101011100110101
111011001101000
99
000111001110110
010001001110111
101011110000010
001100111110111
111011001001111
010000111010001
111101000101000
100100100110111
110111100111010
001110000110101
001101000010000
100000110000010
010110100101101
001111000011110
110011110000000
110111000011110
