0
10110
1
00110
2
00110
3
10110
4
00110
5
00100
6
00110
7
00110
8
00100
9
00100
10
00100
11
00110
12
10110
13
00110
14
00110
15
00110
16
00110
17
10110
18
00110
19
10110
20
10110
21
00110
22
00100
23
10110
24
00110
25
00100
26
00110
27
00100
28
10110
29
10110
30
00100
31
00110
32
10110
33
10110
34
10110
35
00110
36
00100
37
10110
38
10110
39
00110
40
00100
41
00110
42
00100
43
10110
44
10110
45
00100
46
00100
47
00100
48
00110
49
00100
50
00100
51
00110
52
10110
53
00100
54
10110
55
00100
56
00100
57
00110
58
00110
59
10110
60
00110
61
10110
62
10110
63
00110
64
00110
65
00110
66
00100
67
00110
68
10110
69
00110
70
10110
71
00100
72
00110
73
00110
74
10110
75
00110
76
00110
77
00100
78
00100
79
00100
80
00110
81
10110
82
10110
83
00100
84
00100
85
10110
86
10110
87
00110
88
00110
89
10110
90
00100
91
00100
92
10110
93
00100
94
10110
95
00100
96
10110
97
10110
98
00110
99
10110
100
10110
101
00100
102
00110
103
00110
104
10110
105
00110
106
00110
107
10110
108
00110
109
10110
110
00110
111
10110
112
10110
113
00110
114
00100
115
00110
116
00100
117
10110
118
00110
119
00110
120
00110
121
00110
122
10110
123
10110
124
00110
125
00110
126
00100
127
10110
128
00110
129
00110
130
00110
131
00100
132
00110
133
00100
134
00110
135
00110
136
00110
137
10110
138
00100
139
00100
140
00100
141
10110
142
00100
143
00100
144
00110
145
00100
146
10110
147
00100
148
00110
149
00100
150
00110
151
00110
152
00110
153
00100
154
10110
155
00110
156
00100
157
10110
158
00110
159
00100
160
10110
161
10110
162
00110
163
00110
164
00100
165
10110
166
00110
167
00110
168
10110
169
10110
170
00110
171
10110
172
00110
173
00110
174
00110
175
10110
176
00100
177
00110
178
00110
179
00100
180
00100
181
10110
182
00110
183
00110
184
00100
185
10110
186
10110
187
00100
188
00110
189
10110
190
00110
191
10110
192
00100
193
00100
194
00110
195
10110
196
10110
197
00110
198
00110
199
00100
200
00110
201
00110
202
10110
203
10110
204
10110
205
10110
206
00110
207
00110
208
00100
209
10110
210
00100
211
00110
212
10110
213
00100
214
10110
215
00110
216
00110
217
10110
218
00110
219
00110
220
10110
221
10110
222
00110
223
00110
224
00100
225
10110
226
00100
227
00100
228
10110
229
10110
230
10110
231
00100
232
00110
233
00110
234
00110
235
00110
236
10110
237
00110
238
00110
239
00100
240
00110
241
00100
242
00110
243
00110
244
00110
245
00100
246
10110
247
00110
248
10110
249
00110
250
00100
251
00100
252
00110
253
00110
254
00110
255
00110
256
10110
257
10110
258
00110
259
10110
260
10110
261
00110
262
00100
263
00100
264
10110
265
10110
266
10110
267
00100
268
10110
269
10110
270
00100
271
00100
272
00100
273
10110
274
10110
275
10110
276
00100
277
00100
278
00110
279
10110
280
10110
281
10110
282
00100
283
00110
284
00110
285
00100
286
00100
287
00110
288
00100
289
10110
290
00110
291
00100
292
00100
293
00100
294
00110
295
00110
296
00100
297
00110
298
10110
299
00110
300
00110
301
00100
302
00110
303
00100
304
10110
305
00110
306
00110
307
00110
308
10110
309
10110
310
00100
311
10110
312
00100
313
00110
314
00110
315
00110
316
00100
317
10110
318
00100
319
00100
320
00110
321
00100
322
10110
323
10110
324
00110
325
00110
326
00110
327
00110
328
00100
329
00100
330
10110
331
00110
332
00100
333
00100
334
00110
335
00100
336
00110
337
10110
338
10110
339
00100
340
00100
341
10110
342
00100
343
10110
344
00110
345
10110
346
00110
347
00100
348
00110
349
10110
350
00100
351
00110
352
00100
353
00110
354
00100
355
00110
356
00110
357
00110
358
00100
359
00100
360
10110
361
00100
362
00110
363
10110
364
00100
365
00100
366
10110
367
00100
368
00100
369
00100
370
10110
371
00100
372
10110
373
00110
374
10110
375
10110
376
10110
377
00110
378
00110
379
00110
380
00110
381
00110
382
00110
383
10110
384
00100
385
00110
386
00110
387
10110
388
00110
389
10110
390
10110
391
00100
392
00100
393
00110
394
10110
395
00100
396
10110
397
00100
398
00100
399
00110
400
00100
401
00110
402
00100
403
10110
404
10110
405
10110
406
00100
407
00110
408
10110
409
00100
410
00100
411
00100
412
10110
413
00100
414
00100
415
00110
416
00100
417
10110
418
10110
419
00110
420
00110
421
00110
422
00110
423
10110
424
10110
425
00100
426
10110
427
10110
428
10110
429
00110
430
10110
431
00100
432
00110
433
10110
434
00110
435
10110
436
10110
437
00110
438
00110
439
10110
440
00110
441
00110
442
00100
443
00110
444
00110
445
10110
446
10110
447
10110
448
10110
449
00110
450
00100
451
00110
452
00100
453
10110
454
00100
455
10110
456
10110
457
10110
458
00110
459
00110
460
00100
461
00100
462
10110
463
00110
464
00110
465
00100
466
00110
467
00100
468
00100
469
10110
470
00110
471
10110
472
10110
473
00100
474
00110
475
00100
476
10110
477
00100
478
10110
479
00110
480
00110
481
10110
482
00100
483
00100
484
10110
485
10110
486
10110
487
00110
488
10110
489
10110
490
10110
491
00110
492
00100
493
00110
494
00100
495
00110
496
10110
497
00100
498
10110
499
00110
